253	q	EOK(K)	 b(cc/	k10	k11	KadNm3	eDon	eAcc	nDegree	#eDs	#eAs	idCas	Name
501	2.463	336.44	29.56	-0.7	2	0.001	1630	0	1	1	0	71432	Benzene(CHCL3+12DCE+111TCE/3)
502	2.825	333.89	36.28	-0.7	2	0.001	40	0	1	1	0	108883	Toluene(CHCL3+12DCE+MeOH+DCM/4)
504	3.137	333.8	42.31	-0.7	2	0.001	1350	0	1	1	0	100414	ethylbenzene(12DCE)
505	3.1665	339.5	41.646	-0.7	2	0.001	1350	0	1	1	0	95476	o-Xylene(EtOH)
507	3.272	327.8	43.06	-0.7	2	0.001	2050	0	1	1	0	106423	p-xylene(12DCE)
510	3.313	334	48.12	-0.7	2	0.001	780	0	1	1	0	98828	i-PropylBenzene(~Tol,NoAs)
518	3.811	331.8	54.23	-0.7	2	0.001	780	0	1	1	0	104518	n-ButylBenzene(~Tol,NoAs)
840	2.537	380.7	59.89	-0.7	2	0.001	780	0	1	1	0	80568	a-pinene(~Tol,NoAs)
902	0.563	49.27	5.36	-0.7	2	0	0	0	1	0	0	1333740	H2
905	1.255	107.13	9.9	-0.7	2	0.0005	0	0	1	0	0	7727379	N2(CO2)
908	1.327	109.2	10.16	-0.7	2	0.001	0	0	1	0	0	630080	CO(CO2)
909	2.556	179.22	10.56	-0.7	2	0.001	0	1030	1	0	1	124389	CO2(Ac=O)
910	2.761	245.41	13.82	-0.7	2	0.001	0	0	1	0	1	7446095	SO2(Ac=O)
912	3.588	88.77	7	-0.7	2	0.00023	624	624	1	1	1	10102439	NitricOXIDE
919	0.568	65.46	3.57	-0.7	2	0	0	0	1	0	0	7440019	Neon
925	0.563	56.95	4.89	-0.7	2	0	0	0	1	0	0	7782390	Deuterium
970	0.628	514.16	13.51	-0.7	2	0	0	0	1	0	0	7440019	Radon
1001	1.927	278.33	17.21	-0.7	2	0.0007	755	755	1	1	1	50000	FORMALDEHYDE
1002	2.802	263.82	21.1	-0.7	2	0.0007	730	0	1	1	0	75070	ACETALDEHYDE(~C3al,NoAs)
1003	2.866	282.45	25.12	-0.7	2	0.0007	730	0	1	1	0	123386	PROPANAL(MeOHvl)
1005	2.906	298.45	30.69	-0.7	2	0.0007	730	0	1	1	0	123728	BUTANAL(~C3al,NoAs)
1041	3.168	373.59	36.95	-0.7	2	0.0007	730	0	1	1	0	100527	BENZALDEHYDE(~C3al,NoAs)
1051	3.115	275.53	26.74	-0.7	2	0.001	910	0	1	1	0	67641	ACETONE(CHCL3)
1052	3.281	284.56	31.64	-0.7	2	0.0002	910	0	1	1	0	78933	MEK(CHCL3)
1054	3.456	299.17	42.55	-0.7	2	0.00052	910	0	1	1	0	108101	MIBK(CHCL3)
1060	3.433	292.88	36.84	-0.7	2	0.00029	910	0	1	1	0	107879	2-pentanone(MeOH)
1063	3.985	302.12	48.76	-0.7	2	0.0007	910	0	1	1	0	110430	2-heptanone(MeOH)
1071	3.6198	369.23	38.27	-0.7	2	0.0008	900	0	1	1	1	872504	NMP(pXylene;eD<0if111TCE,12DCE;eA<0ifMEK)
1080	3.104	354.7	40.47	-0.7	2	0.0007	380	0	1	1	0	108941	cyclohexanone(111TCE)
1090	3.6897	360.53	42.24	-0.7	2	0.0007	1610	0	1	1	0	98862	acetophenone(IPAvl)
1093	4.162	375.4	38.69	-0.7	2	0.0007	900	0	1	1	0	502443	e-caprolactone(~ester,NoAs)
1101	1.0373	222.19	31.456	-0.7	2	0.001	1280	3960	1	1	1	67561	METHANOL                      
1070	3.2574	284.58	46.177	-0.7	2	0.0008	1750	100	1	1	1	616455	2-PYRROLIDONE                 
1102	1.4701	201.98	38.719	-0.7	2	0.001	1320	3920	1	1	1	64175	ETHANOL                       
1103	1.8597	218.36	46.189	-0.7	2	0.0004	1280	3960	1	1	1	71238	1-PROPANOL                    
1104	1.8098	205.49	48.059	-0.7	2	0.0004	1280	3960	1	1	1	67630	ISOPROPANOL                   
1105	2.0887	223.95	54.188	-0.7	2	0.0004	1280	3960	1	1	1	71363	1-BUTANOL                     
1106	2.0204	220.72	54.716	-0.7	2	0.00035	1280	3960	1	1	1	78831	2-METHYL-1-PROPANOL           
1107	2.0422	217.07	54.363	-0.7	2	0.00025	1280	3960	1	1	1	78922	2-BUTANOL                     
1108	1.7646	212.74	57.278	-0.7	2	0.0003	1280	3960	1	1	1	75650	2-METHYL-2-PROPANOL           
1109	2.253	228.6	62.405	-0.7	2	0.0005	1280	3960	1	1	1	71410	1-PENTANOL                    
1110	2.0282	227.19	64.694	-0.7	2	0.0004	1280	3960	1	1	1	6032297	2-PENTANOL                    
1111	1.466	250.69	68.798	-0.7	2	0.0004	1280	3960	1	1	1	75854	2-METHYL-2-BUTANOL            
1112	2.3543	221.72	59.255	-0.7	2	0.00035	1280	3960	1	1	1	137326	2-METHYL-1-BUTANOL            
1113	1.5972	230.27	63.529	-0.7	2	0.001	1280	3960	1	1	1	75843	22-DIMETHYL-1-PROPANOL        
1114	2.4891	231.15	70.658	-0.7	2	0.00053	1280	3960	1	1	1	111273	1-HEXANOL                     
1115	2.4002	224.84	71.075	-0.7	2	0.0004	1280	3960	1	1	1	626937	2-HEXANOL                     
1116	2.0357	238.16	73.263	-0.7	2	0.0004	1280	3960	1	1	1	623370	3-HEXANOL                     
1117	1.7094	257.07	79.506	-0.7	2	0.001	1280	3960	1	1	1	105306	2-METHYL-1-PENTANOL           
1118	2.8402	205.62	67.117	-0.7	2	0.001	1280	3960	1	1	1	589355	3-METHYL-1-PENTANOL           
1119	1.1097	292.3	83.878	-0.7	2	0.001	1280	3960	1	1	1	77747	3-METHYL-3-PENTANOL           
1120	1.8174	236.81	66.384	-0.7	2	0.0004	1280	3960	1	1	1	584021	3-PENTANOL                    
1121	2.4039	244	93.92	-0.7	2	0.001	1280	3960	1	1	1	104767	2-ETHYL-1-HEXANOL             
1122	3.2281	201.41	72.74	-0.7	2	0.001	1280	3960	1	1	1	624226	2-METHYL-1-HEXANOL            
1123	1.8913	229.92	65.253	-0.7	2	0.001	1280	3960	1	1	1	123513	3-METHYL-1-BUTANOL            
1124	1.8443	233.09	63.195	-0.7	2	0.0004	1280	3960	1	1	1	598754	3-METHYL-2-BUTANOL            
1125	2.7651	231.82	78.557	-0.7	2	0.00055	1280	3960	1	1	1	111706	1-HEPTANOL                    
1126	2.7141	225.16	77.971	-0.7	2	0.0004	1280	3960	1	1	1	543497	2-HEPTANOL                    
1127	1.9464	245.84	85.799	-0.7	2	0.001	1280	3960	1	1	1	589822	3-HEPTANOL                    
1129	3.1185	207.79	74.745	-0.7	2	0.001	1280	3960	1	1	1	627985	5-METHYL-1-HEXANOL            
1130	2.2372	225.53	68.24	-0.7	2	0.0004	1280	3960	1	1	1	108112	4-METHYL-2-PENTANOL           
1132	3.0025	233.71	87.079	-0.7	2	0.00055	1280	3960	1	1	1	111875	1-OCTANOL                     
1133	3.1095	223.54	83.965	-0.7	2	0.0004	1280	3960	1	1	1	123966	2-OCTANOL                     
1134	3.3685	232.39	94.607	-0.7	2	0.00053	1280	3960	1	1	1	143088	1-NONANOL                     
1135	3.299	226.82	91.592	-0.7	2	0.0004	1280	3960	1	1	1	628999	2-NONANOL                     
1136	3.5409	235.15	104.206	-0.7	2	0.00053	1280	3960	1	1	1	112301	1-DECANOL                     
1137	3.7977	235.85	113.192	-0.7	2	0.00053	1280	3960	1	1	1	112425	1-UNDECANOL                   
1139	3.0617	239.65	104.859	-0.7	2	0.001	1280	3960	1	1	1	55505265	8-METHYL-1-NONANOL            
1140	4.1491	234.83	121.397	-0.7	2	0.00053	1280	3960	1	1	1	112538	1-DODECANOL                   
1141	4.433	235.03	130.354	-0.7	2	0.00053	1280	3960	1	1	1	112709	1-TRIDECANOL                  
1142	3.9996	246.66	147.806	-0.7	2	0.00053	1280	3960	1	1	1	112721	1-TETRADECANOL                
1143	5.2735	232.13	145.879	-0.7	2	0.00053	1280	3960	1	1	1	629765	1-PENTADECANOL                
1144	5.2674	235.78	158.218	-0.7	2	0.00053	1280	3960	1	1	1	36653824	1-HEXADECANOL                 
1145	6.4109	227.74	158.885	-0.7	2	0.00053	1280	3960	1	1	1	1454859	1-HEPTADECANOL                
1146	5.7909	236.52	177.726	-0.7	2	0.00053	1280	3960	1	1	1	112925	1-OCTADECANOL                 
1147	2.2963	222.28	69.645	-0.7	2	0.001	1280	3960	1	1	1	97950	2-ETHYL-1-BUTANOL             
1148	7.0098	231.44	189.776	-0.7	2	0.00053	1280	3960	1	1	1	629969	1-EICOSANOL                   
1149	4.2854	259.66	212.689	-0.7	2	0.00053	1280	3960	1	1	1	1454848	1-NONADECANOL                 
1151	1.9304	275.14	64.756	-0.7	2	0.0004	2516	2516	1	1	1	108930	CYCLOHEXANOL                  
1153	2.754	218.24	63.408	-0.7	2	0.001	1280	3960	1	1	1	7443701	cis-2-METHYLCYCLOHEXANOL      
1155	2.9482	218.14	62.977	-0.7	2	0.001	1280	3960	1	1	1	5454795	cis-3-METHYLCYCLOHEXANOL      
1156	2.9215	219.64	63.355	-0.7	2	0.001	1280	3960	1	1	1	7443552	trans-3-METHYLCYCLOHEXANOL    
1157	2.8504	219.26	63.421	-0.7	2	0.001	1280	3960	1	1	1	7731284	cis-4-METHYLCYCLOHEXANOL      
1158	3.1214	212.93	61.488	-0.7	2	0.001	1280	3960	1	1	1	7731295	trans-4-METHYLCYCLOHEXANOL    
1159	3.708	218	84.776	-0.7	2	0.001	1280	3960	1	1	1	2216515	L-MENTHOL                     
1160	7.6253	268.09	223.28	-0.7	2	0.001	1280	3960	1	1	1	83465	SITOSTEROL                    
1162	3.4738	228.38	81.652	-0.7	2	0.001	1280	3960	1	1	1	98555	alpha-TERPINEOL               
1163	3.3775	226.5	79.707	-0.7	2	0.001	1280	3960	1	1	1	138874	beta-TERPINEOL                
1164	6.6917	195.4	104.041	-0.7	2	0.001	1280	3960	1	1	1	51655573	2-BUTYL-NONAN-1-OL            
1165	6.1741	194.05	98.073	-0.7	2	0.001	1280	3960	1	1	1	10522266	2-METHYL-1-UNDECANOL          
1167	1.8793	222.87	42.838	-0.7	2	0.0004	2516	2516	1	1	1	107186	ALLYLALCOHOL                  
1168	2.5918	244.06	74.786	-0.7	2	0.001	1280	3960	1	1	1	617947	2-PHENYL-2-PROPANOL           
1169	5.8559	196.97	101.039	-0.7	2	0.001	1280	3960	1	1	1	3913028	2-BUTYL-OCTAN-1-OL            
1170	3.4113	251.26	51.958	-0.7	2	0.0004	2013	2013	1	1	1	526750	23-XYLENOL                    
1171	3.7771	250.88	63.963	-0.7	2	0.001	540	1660	1	1	1	4286231	p-ISOPROPENYLPHENOL           
1172	3.4409	245.29	56.468	-0.7	2	0.0004	2013	2013	1	1	1	105679	24-XYLENOL                    
1174	3.6851	239.64	49.557	-0.7	2	0.0004	2013	2013	1	1	1	95874	25-XYLENOL                    
1176	3.0657	252.49	59.431	-0.7	2	0.0004	2013	2013	1	1	1	576261	26-XYLENOL                    
1177	3.7861	245.5	49.648	-0.7	2	0.0004	2013	2013	1	1	1	95658	34-XYLENOL                    
1178	3.363	250.26	70.219	-0.7	2	0.0004	2013	2013	1	1	1	108689	35-XYLENOL                    
1179	0.5216	438.17	57.255	-0.7	2	0.001	1280	3960	1	1	1	107197	PROPARGYLALCOHOL              
1180	2.6869	272.7	62.291	-0.7	2	0.0001	1280	3960	1	1	1	100516	BENZYLALCOHOL                 
1181	3.2342	246.49	40.41	-0.7	2	0.0004	880	1620	1	1	1	108952	PHENOL                        
1182	2.9004	255.78	51.721	-0.7	2	0.0004	2013	2013	1	1	1	95487	o-CRESOL                      
1183	3.2546	249.75	55.203	-0.7	2	0.001	255	2545	1	1	1	108394	m-CRESOL                      
1184	3.3103	247.06	48.716	-0.7	2	0.0004	2013	2013	1	1	1	106445	p-CRESOL                      
1185	3.1866	249.91	58.994	-0.7	2	0.0004	2013	2013	1	1	1	90006	o-ETHYLPHENOL                 
1186	3.6278	286.91	48.928	-0.7	2	0.001	540	1660	1	1	1	123319	p-HYDROQUINONE                
1187	3.4677	247.83	58.459	-0.7	2	0.0004	2013	2013	1	1	1	123079	p-ETHYLPHENOL                 
1197	3.5168	253.67	76.258	-0.7	2	0.001	540	1660	1	1	1	98544	p-tert-BUTYLPHENOL            
1198	6.0007	252.43	83.288	-0.7	2	0.0004	2013	2013	1	1	1	80057	bisPhenolA                    
1199	5.3072	236.33	111.78	-0.7	2	0.001	540	1660	1	1	1	25154523	NONYLPHENOL                   
1201	2.8904	260.47	33.156	-0.7	2	0.0004	2013	2013	2	1	1	107211	ETHYLENEGLYCOL                
1202	3.9647	245.94	54.435	-0.7	2	0.0004	2013	2013	2	1	1	111466	DIETHYLENEGLYCOL              
1204	4.0431	261.29	102.434	-0.7	2	0.0004	1280	3960	2	1	1	112607	TETRAETHYLENEGLYCOL           
1211	5.0832	184.69	33.465	-0.7	2	0.0004	1280	3960	2	1	1	57556	12-PROPYLENEGLYCOL            
1212	4.0277	235.23	25.785	-0.7	2	0.0004	2013	2013	2	1	1	504632	13-PROPYLENEGLYCOL            
1213	2.9846	252.2	78.011	-0.7	2	0.0004	1280	3960	2	1	1	25265718	DIPROPYLENEGLYCOL             
1219	3.1164	242.38	48.595	-0.7	2	0.0004	1280	3960	2	1	1	2163420	2-METHYL-13-PROPANEDIOL       
1220	2.5818	251.15	51.932	-0.7	2	0.0004	1280	3960	2	1	1	584032	12-BUTANEDIOL                 
1221	4.2269	218.55	55.456	-0.7	2	0.0004	2013	2013	2	1	1	107880	13-BUTANEDIOL                 
1222	5.8418	180.02	46.193	-0.7	2	0.0004	1280	3960	2	1	1	107415	HEXYLENEGLYCOL                
1231	3.7899	286.4	38.44	-0.7	2	0.0001	2013	2013	3	1	1	56815	Glycerol                      
1235	4.1923	251.04	68.196	-0.7	2	0.0004	1280	3960	2	1	1	98293	p-tert-BUTYLCATECHOL          
1236	3.1007	247.25	94.999	-0.7	2	0.0004	1280	3960	2	1	1	144194	224-TRIMETHYL-13-PENTANED     
1241	4.6309	214.41	41.641	-0.7	2	0.0004	1280	3960	2	1	1	110634	14-BUTANEDIOL                 
1242	8.0804	183.6	42.308	-0.7	2	0.0004	1280	3960	2	1	1	111295	15-PENTANEDIOL                
1244	3.22	263.73	37.534	-0.7	2	0.0004	1280	3960	2	1	1	120809	12-BENZENEDIOL                
1245	3.6084	271.65	38.056	-0.7	2	0.0004	1280	3960	2	1	1	108463	13-BENZENEDIOL                
1248	5.312	249.79	28.863	-0.7	2	0.0004	1280	3960	3	1	1	87661	123-BENZENETRIOL              
1701	1.0126	229.57	30.151	-0.7	2	0.001	2140	860	1	1	1	74895	METHYLAMINE                   
1702	2.4944	170.2	31.674	-0.7	2	0.0004	1315	305	1	1	1	124403	DIMETHYLAMINE                 
1704	1.9514	192.28	34.322	-0.7	2	0.001	730	1470	1	1	1	75047	ETHYLAMINE                    
1705	2.4611	204.85	56.112	-0.7	2	0.001	730	1470	1	1	1	594398	2-METHYL-2-AMINOBUTANE        
1707	3.2845	194.44	62.13	-0.7	2	0.0004	1010	1010	1	1	1	142847	DI-n-PROPYLAMINE              
1710	2.4904	193.5	51.79	-0.7	2	0.0004	1010	1010	1	1	1	109897	DIETHYLAMINE                  
1711	2.1423	203.33	42.834	-0.7	2	0.001	730	1470	1	1	1	107108	n-PROPYLAMINE                 
1712	2.4607	206.97	49.495	-0.7	2	0.001	730	1470	1	1	1	109739	n-BUTYLAMINE                  
1713	2.9932	201.62	56.919	-0.7	2	0.001	730	1470	1	1	1	110587	n-PENTYLAMINE                 
1714	2.7486	192.84	45.819	-0.7	2	0.0004	730	1470	1	1	1	78819	ISOBUTYLAMINE                 
1715	2.3589	202.04	34.844	-0.7	2	0.0004	1010	1010	1	1	1	765300	CYCLOPROPYLAMINE              
1717	2.4709	254.43	17.294	-0.7	2	0.0004	730	1470	1	1	1	302012	Hydrazine                     
1718	3.5459	200.09	78.021	-0.7	2	0.0004	1010	1010	1	1	1	110963	DIISOBUTYLAMINE               
1719	2.2697	190.09	41.435	-0.7	2	0.0004	730	1470	1	1	1	75310	ISOPROPYLAMINE                
1720	6.4463	211.14	121.61	-0.7	2	0.001	730	1470	1	1	1	2016424	n-TETRADECYLAMINE             
1721	2.5325	247.89	37.686	-0.7	2	0.0004	1010	1010	1	1	1	109977	PYRROLE                       
1726	2.3461	204.98	50.645	-0.7	2	0.0004	730	1470	1	1	1	13952846	sec-BUTYLAMINE                
1727	2.1281	198.83	51.499	-0.7	2	0.001	730	1470	1	1	1	75649	tert-BUTYLAMINE               
1729	2.7642	230.82	54.835	-0.7	2	0.0004	730	1470	1	1	1	108918	CYCLOHEXYLAMINE               
1730	5.2358	265.91	153.237	-0.7	2	0.001	730	1470	1	1	1	1446613	DEHYDROABIETYLAMINE           
1731	4.1844	217.18	66.008	-0.7	2	0.001	730	1470	1	1	1	124094	HEXAMETHYLENEDIAMINE          
1732	4.106	264.81	60.476	-0.7	2	0.001	730	1470	1	1	1	95807	24-DIAMINOTOLUENE             
1733	3.0219	248.87	57.641	-0.7	2	0.0004	730	1470	1	1	1	100469	BENZYLAMINE                   
1734	3.3764	228.99	59.027	-0.7	2	0.001	730	1470	1	1	1	280579	TRIETHYLENEDIAMINE            
1735	4.3984	273.03	95.953	-0.7	2	0.001	730	1470	1	1	1	136356	13-DIPHENYLTRIAZENE           
1736	2.9754	262.13	55.762	-0.7	2	0.0004	730	1470	1	1	1	95534	o-TOLUIDINE                   
1737	3.2719	250.4	58.625	-0.7	2	0.0004	730	1470	1	1	1	108441	m-TOLUIDINE                   
1738	3.4981	240.17	60.178	-0.7	2	0.0004	730	1470	1	1	1	106490	p-TOLUIDINE                   
1739	6.7509	207.55	62.289	-0.7	2	0.001	730	1470	1	1	1	112243	TRIETHYLENETETRAMINE          
1740	2.341	199.42	38.919	-0.7	2	0.001	730	1470	1	1	1	107119	ALLYLAMINE                    
1741	3.3446	208.06	33.304	-0.7	2	0.0004	730	1470	1	1	1	107153	ETHYLENEDIAMINE               
1742	1.7548	238.67	33.859	-0.7	2	0.001	730	1470	1	1	1	151564	ETHYLENEIMINE                 
1744	3.8308	202.82	78.949	-0.7	2	0.0004	1010	1010	1	1	1	111922	DI-n-BUTYLAMINE               
1745	2.2574	240.79	50.772	-0.7	2	0.0004	1010	1010	1	1	1	110894	PIPERIDINE                    
1749	2.7949	290.54	72.429	-0.7	2	0.0004	400	6200	1	1	1	103708	FORMANILIDE                   
1750	3.9151	237.33	62.88	-0.7	2	0.001	730	1470	1	1	1	140318	N-AMINOETHYLPIPERAZINE        
1752	3.3674	204.68	39.432	-0.7	2	0.001	730	1470	1	1	1	78900	12-PROPANEDIAMINE             
1756	3.8831	274.12	86.099	-0.7	2	0.0004	1010	1010	1	1	1	122394	DIPHENYLAMINE                 
1757	3.7943	256.54	52.494	-0.7	2	0.001	730	1470	1	1	1	100630	PHENYLHYDRAZINE               
1759	2.8952	284.28	84.607	-0.7	2	0.0004	1010	1010	1	1	1	91634	QUINALDINE                    
1765	2.7882	231.08	43.253	-0.7	2	0.0004	730	1470	1	1	1	110918	MORPHOLINE                    
1766	2.3547	226.4	39.852	-0.7	2	0.0004	1010	1010	1	1	1	123751	PYRROLIDINE                   
1792	2.9707	255.78	48.194	-0.7	2	0.0004	730	1470	1	1	1	62533	ANILINE                       
1795	3.437	244.43	47.132	-0.7	2	0.0004	1010	1010	1	1	1	100618	N-METHYLANILINE               
1859	3.1758	258.29	56.362	-0.7	2	0.0004	730	1470	1	1	1	95512	o-CHLOROANILINE               
1862	6.5904	181.78	34.975	-0.7	2	0.001	1280	3960	1	1	1	96242	3-CHLORO-12-PROPANEDIOL       
1880	3.0728	295.76	64.177	-0.7	2	0.001	540	1660	1	1	1	105602	epsilon-CAPROLACTAM           
1911	0.9051	223.82	19.481	-0.7	2	0.001	975	1675	1	1	1	7664417	AMMONIA                       
1921	0.8857	294.6	14.958	-0.7	2	0.00156	2070	3100	1	1	1	7732185	WATER                         
1997	0.9775	279.94	14.667	-0.7	2	0.00156	2587	2587	1	1	1	7789200	DEUTERIUMOXIDE                
2112	3.4332	248.28	58.742	-0.7	2	0.0005	2013	2013	1	1	1	620177	m-EthylPHENOL                 
2115	5.0667	212.18	53.423	-0.7	2	0.001	540	1660	1	1	1	60128	2-PHENYLETHANOL               
2117	5.5768	182.46	69.903	-0.7	2	0.001	540	1660	1	1	1	108827	26-DIMETHYL-4-HEPTANOL        
2118	4.6807	214.64	61.085	-0.7	2	0.001	540	1660	1	1	1	93549	1-PHENYL-1-PROPANOL           
2121	3.5255	252.75	73.361	-0.7	2	0.001	540	1660	1	1	1	122974	3-PHENYL-1-PROPANOL           
2181	3.2472	247.81	66.083	-0.7	2	0.001	540	1660	1	1	1	98851	alpha-METHYLBENZYLALCOHOL     
2182	4.8704	213.55	58.571	-0.7	2	0.001	540	1660	1	1	1	589184	p-TOLUALCOHOL                 
2184	5.193	209.87	52.853	-0.7	2	0.001	540	1660	1	1	1	587031	m-TOLUALCOHOL                 
2195	4.5361	245.01	106.665	-0.7	2	0.001	540	1660	1	1	1	140669	p-tert-OCTYLPHENOL            
2196	4.0394	249.03	83.555	-0.7	2	0.001	540	1660	1	1	1	80466	p-tert-AMYLPHENOL             
2197	4.841	262.32	90.59	-0.7	2	0.001	540	1660	1	1	1	599644	p-CUMYLPHENOL                 
2198	6.6527	261.98	200.842	-0.7	2	0.001	540	1660	1	1	1	1323655	DINONYLPHENOL                 
2248	6.0891	219.58	102.053	-0.7	2	0.001	1280	3960	1	1	1	112470	DECAN-110-DIOL                
2249	6.3331	209.27	58.61	-0.7	2	0.001	1280	3960	1	1	1	105088	14-CYCLOHEXANEDIMETHANOL      
2706	3.2724	206.15	65.419	-0.7	2	0.001	730	1470	1	1	1	111262	n-HEXYLAMINE                  
2707	3.5281	209.27	73.946	-0.7	2	0.001	730	1470	1	1	1	111682	n-HEPTYLAMINE                 
2708	3.9949	208.11	80.869	-0.7	2	0.001	730	1470	1	1	1	111864	n-OCTYLAMINE                  
2709	4.5249	207.49	87.462	-0.7	2	0.001	730	1470	1	1	1	112209	n-NONYLAMINE                  
2710	4.7434	209.57	95.242	-0.7	2	0.001	730	1470	1	1	1	2016571	n-DECYLAMINE                  
2724	3.4874	243.77	65.56	-0.7	2	0.001	730	1470	1	1	1	578541	o-ETHYLANILINE                
2725	3.9353	260.37	50.435	-0.7	2	0.001	730	1470	1	1	1	95545	o-PHENYLENEDIAMINE            
2727	3.834	277.02	53.659	-0.7	2	0.001	730	1470	1	1	1	108452	m-PHENYLENEDIAMINE            
2728	4.5186	200.47	92.068	-0.7	2	0.0004	1010	1010	1	1	1	4062606	NN'-DI-tert-BUTYLETHYLENEDIAMI
2729	2.5491	224.64	48.584	-0.7	2	0.001	730	1470	1	1	1	1003038	CYCLOPENTYLAMINE              
2731	3.0086	226.67	64.966	-0.7	2	0.0004	1010	1010	1	1	1	100607	N-METHYLCYCLOHEXYLAMINE       
2739	3.209	198.09	59.851	-0.7	2	0.0004	1010	1010	1	1	1	124027	DIALLYLAMINE                  
2750	3.8246	267.74	51.893	-0.7	2	0.001	730	1470	1	1	1	106503	p-PHENYLENEDIAMINE            
2752	3.2239	226.41	41.28	-0.7	2	0.0008	1010	1010	1	1	1	110850	PIPERAZINE                    
2766	2.4657	287.6	43.07	-0.7	2	0.0004	1010	1010	1	1	1	288131	PYRAZOLE                      
2783	1.1437	524.46	141.616	-0.7	2	0.001	730	1470	1	1	1	122667	HYDRAZOBENZENE                
2784	3.0204	287.68	66.841	-0.7	2	0.0004	1010	1010	1	1	1	120729	INDOLE                        
2786	4.469	282.1	96.633	-0.7	2	0.001	730	1470	1	1	1	60093	p-AMINOAZOBENZENE             
2787	2.4056	343.06	102.758	-0.7	2	0.001	730	1470	1	1	1	92671	p-AMINODIPHENYL               
2789	3.6804	306.75	94.077	-0.7	2	0.0004	1010	1010	1	1	1	86748	DIBENZOPYRROLE                
2851	1.3724	331.75	31.665	-0.7	2	0.001	3300	3300	1	1	1	75127	FORMAMIDE                     
2852	3.0793	260.1	46.536	-0.7	2	0.0008	1420	780	1	1	1	123397	N-METHYLFORMAMIDE             
2853	2.8761	279.47	43.009	-0.7	2	0.0008	880	2640	1	1	1	60355	ACETAMIDE                     
2855	3.0388	215.65	44.815	-0.7	2	0.001	1280	3960	1	1	1	98000	FURFURYLALCOHOL               
2870	2.5549	327.64	55.817	-0.7	2	0.0004	400	6200	1	1	1	123568	SUCCINIMIDE                   
2876	1.3394	273.33	73.057	-0.7	2	0.001	1280	3960	1	1	1	1589475	2-METHOXYPROPANOL-1           
2878	2.4218	314.49	65.586	-0.7	2	0.001	400	6200	1	1	1	55210	BENZAMIDE                     
2879	3.2915	243.59	75.777	-0.7	2	0.001	540	1660	1	1	1	7775384	alpha-METHYLBENZYLALCOHOLF    
2885	3.6698	250.75	55.759	-0.7	2	0.001	540	1660	1	1	1	2628173	4-HYDROXYSTYRENE              
2892	3.0975	242.81	48.926	-0.7	2	0.001	540	1660	1	1	1	95578	o-CHLOROPHENOL                
2893	3.4299	253.64	48.017	-0.7	2	0.001	540	1660	1	1	1	108430	m-CHLOROPHENOL                
2894	3.4354	256.67	48.577	-0.7	2	0.001	540	1660	1	1	1	106489	p-CHLOROPHENOL                
2895	3.5243	209.82	52.94	-0.7	2	0.001	540	1660	1	1	1	771619	PENTAFLUOROPHENOL             
2898	2.0164	221.88	43.056	-0.7	2	0.001	1280	3960	1	1	1	107073	2-CHLOROETHANOL               
3101	7.213	200.02	111.604	-0.7	2	0.001	1280	3960	1	1	1	21078819	2-BUTYL-1-DECANOL             
3102	7.2168	200.03	111.596	-0.7	2	0.001	1280	3960	1	1	1	32480163	2-METHYL-1-TRIDECANOL         
3103	6.7003	195.65	104.135	-0.7	2	0.001	1280	3960	1	1	1	22663612	2-METHYL-DODECAN-1-OL         
3104	4.5317	197.11	82.8	-0.7	2	0.001	1280	3960	1	1	1	38514033	4-METHYL-1-OCTANOL            
3105	4.5436	197.57	82.927	-0.7	2	0.001	1280	3960	1	1	1	38514055	6-METHYL-1-OCTANOL            
3106	4.4756	199.42	81.775	-0.7	2	0.001	1280	3960	1	1	1	3525255	3-ETHYL-1-HEPTANOL            
3107	3.7737	230.51	71.018	-0.7	2	0.001	1280	3960	1	1	1	89838	THYMOL                        
3108	3.0735	257.05	78.983	-0.7	2	0.001	1280	3960	1	1	1	3228033	1-METHYL-3-HYDROXY-5-ISOPROP  
3109	3.0512	255.99	78.745	-0.7	2	0.001	1280	3960	1	1	1	3228022	1-METHYL-3-HYDROXY-6-ISOPROP  
3240	6.3126	200.87	67.437	-0.7	2	0.001	1280	3960	1	1	1	565480	cis-18-TERPIN                 
3241	6.3651	202.94	67.945	-0.7	2	0.001	1280	3960	1	1	1	565504	trans-18-TERPIN               
3701	2.0723	310.31	57.854	-0.7	2	0.001	400	6200	1	1	1	6228735	CYCLOPROPANECARBOXAMIDE       
3706	4.4204	206.66	55.287	-0.7	2	0.001	730	1470	1	1	1	462942	15-PENTANEDIAMINE             
3722	4.892	200.5	93.242	-0.7	2	0.0004	1010	1010	1	1	1	2050922	DIAMYLAMINE                   
3724	4.0853	225.09	111.355	-0.7	2	0.001	730	1470	1	1	1	7307553	UNDECYLAMINE                  
3728	5.8858	219.48	168.476	-0.7	2	0.001	730	1470	1	1	1	1120485	DI-n-OCTYLAMINE               
3742	3.6138	207.45	41.026	-0.7	2	0.001	730	1470	1	1	1	109762	13-PROPANEDIAMINE             
3750	5.1402	287.54	85.584	-0.7	2	0.001	730	1470	1	1	1	92875	BENZIDINE                     
3796	3.2805	247.27	69.166	-0.7	2	0.0004	1010	1010	1	1	1	103695	N-ETHYLANILINE                
3860	3.1957	269.22	58.731	-0.7	2	0.0004	730	1470	1	1	1	106478	p-CHLOROANILINE               
3881	2.3074	435.64	159.793	-0.7	2	0.001	1280	3960	1	1	1	57501	SUCROSE                       
4858	3.2079	267.28	58.555	-0.7	2	0.001	730	1470	1	1	1	108429	m-CHLOROANILINE               
4879	3.5153	276.5	67.559	-0.7	2	0.001	730	1470	1	1	1	95761	34-DICHLOROANILINE            
4889	0.0619	1080.05	37.215	-0.7	2	0.001	400	6200	1	1	1	463729	CARBAMYLCHLORIDE              
6852	1.6125	314.49	87.079	-0.7	2	0.0004	400	6200	1	1	1	2425743	tert-BUTYLFORMAMIDE           
